<?xml version="1.0"?>
<opencv_storage>
<cameraMatrix type_id="opencv-matrix">
  <rows>3</rows>
  <cols>3</cols>
  <dt>d</dt>
  <data>
    3.7756301286142252e+02 0. 3.2815206510441243e+02 0.
    3.8654496228278617e+02 1.8834722136586379e+02 0. 0. 1.</data></cameraMatrix>
<distCoeffs type_id="opencv-matrix">
  <rows>1</rows>
  <cols>5</cols>
  <dt>d</dt>
  <data>
    -3.8670583119663504e-01 1.7626226723788063e-01
    -1.3684899004993061e-03 3.6382139210852876e-04
    -4.0237768072520913e-02</data></distCoeffs>
</opencv_storage>

